Segment	Chr	StartMB	StopMB	Length	N_SNP	StartSNP	StopSNP
1	1	1.118	46.947	45.829	2137	rs61733845	rs4660351
2	1	51.151	105.326	54.175	2830	rs11587750	rs12036613
3	1	149.893	173.430	23.537	2355	rs11205277	rs12140760
4	1	191.558	249.211	57.653	3246	rs1954602	rs6704311
5	2	0.111	25.607	25.496	519	rs300780	rs55904893
6	2	26.833	82.356	55.523	3260	rs12474099	rs4852670
7	2	133.254	163.407	30.153	617	rs10803532	rs16846870
8	2	164.469	186.751	22.281	2131	rs16848713	rs10165206
9	2	187.779	243.021	55.242	3148	rs2084750	rs4973686
10	3	0.063	40.230	40.168	1639	rs9799274	rs6805516
11	3	41.860	78.671	36.811	3633	rs900569	rs17016413
12	3	97.500	138.122	40.622	774	rs9854857	rs9818870
13	3	144.739	162.286	17.547	708	rs9858164	rs13083177
14	3	168.586	197.587	29.002	413	rs11718651	rs1985077
15	4	0.712	33.467	32.755	541	rs4076064	rs10517277
16	4	34.539	48.911	14.372	365	rs10001592	rs2605242
17	4	99.392	134.973	35.581	1933	rs17027607	rs1874217
18	5	0.081	19.488	19.406	738	rs6869386	rs16885921
19	5	20.520	41.460	20.939	1064	rs17234617	rs318082
20	5	70.946	180.580	109.634	5722	rs35068278	rs2770959
21	6	0.209	57.217	57.009	8710	rs17806289	rs12209200
22	6	70.508	100.779	30.271	514	rs2445977	rs2841300
23	6	101.949	145.529	43.580	2924	rs6930522	rs557305
24	6	158.117	170.882	12.765	1026	rs683735	rs6937840
25	7	0.123	40.157	40.034	1577	rs4304288	rs7795333
26	7	69.902	118.173	48.271	790	rs2006810	rs1015424
27	7	134.059	159.018	24.959	379	rs1364426	rs455030
28	8	8.114	29.602	21.488	1785	rs2955590	rs7463092
29	8	47.374	99.415	52.042	1994	rs12548509	rs17310732
30	8	112.616	146.293	33.677	837	rs4876731	rs6599566
31	9	0.218	30.208	29.990	1166	rs500785	rs1510913
32	9	77.198	127.571	50.372	1767	rs11144014	rs10986432
33	10	0.298	21.617	21.319	1194	rs3125037	rs2049587
34	10	49.501	73.960	24.459	2722	rs10745265	rs11000214
35	10	75.351	135.184	59.833	1447	rs16930731	rs7894051
36	11	0.199	30.831	30.632	1413	rs3802985	rs507969
37	11	31.873	49.974	18.101	405	rs7935771	rs28378220
38	11	55.111	121.415	66.304	2530	rs116924453	rs10502262
39	11	122.478	134.763	12.285	605	rs7944144	rs528420
40	12	0.333	33.438	33.105	1555	rs577294	rs1007709
41	12	39.796	86.141	46.345	2334	rs17127112	rs7297350
42	12	92.170	133.718	41.548	1542	rs10859202	rs11609382
43	13	19.639	115.088	95.449	2514	rs4770720	rs11840483
44	14	20.634	47.976	27.342	1025	rs6574204	rs10148807
45	14	49.121	105.618	56.497	2921	rs1953896	rs2293806
46	15	29.400	82.106	52.706	1234	rs902274	rs9673017
47	16	0.294	31.385	31.091	2103	rs11248914	rs45465094
48	16	47.330	90.139	42.808	2027	rs8053323	rs4785624
49	17	25.844	81.005	55.161	2840	rs2945412	rs7224733
50	18	0.184	13.915	13.731	493	rs3889860	rs4519393
51	18	27.546	78.014	50.468	1207	rs12954545	rs12606550
52	19	0.353	24.361	24.008	1103	rs34965934	rs4986347
53	19	28.408	58.864	30.456	1461	rs11671892	rs893184
54	20	0.287	26.198	25.911	620	rs6082812	rs845787
55	20	29.816	62.852	33.036	1648	rs6058712	rs2427616
56	21	25.110	48.016	22.905	942	rs2828486	rs2839342
57	22	17.183	51.157	33.974	1791	rs3016111	rs9628187
